-240.180   1028.600   9.6650e-07   900.30   2.5820e-11   1.999   1.400   4159.2   47.130   -10.620    6.66    8.42   
-240.120   1028.100   9.6970e-07   900.60   2.5900e-11   1.999   1.400   4159.2   47.130   -10.620    6.66    8.42   
-239.620   1023.800   9.9530e-07   902.70   2.6530e-11   1.999   1.400   4159.2   47.132   -10.600    6.65    8.40   
-238.990   1018.300   1.0280e-06   903.50   2.7380e-11   2.000   1.400   4157.2   47.134   -10.580    6.65    8.37   
-238.370   1012.900   1.0620e-06   902.80   2.8310e-11   2.000   1.400   4157.2   47.137   -10.560    6.65    8.34   
-237.740   1007.500   1.0970e-06   901.00   2.9310e-11   2.000   1.400   4157.2   47.139   -10.540    6.65    8.31   
-237.120   1002.100   1.1330e-06   898.10   3.0380e-11   2.001   1.400   4155.1   47.142   -10.520    6.65    8.28   
-236.490    996.770   1.1710e-06   895.10   3.1490e-11   2.001   1.400   4155.1   47.145   -10.500    6.65    8.25   
-235.870    991.400   1.2100e-06   891.40   3.2680e-11   2.001   1.400   4155.1   47.147   -10.490    6.65    8.22   
-235.240    986.040   1.2500e-06   888.00   3.3900e-11   2.002   1.400   4153.0   47.150   -10.470    6.65    8.19   
-234.620    980.690   1.2920e-06   884.40   3.5180e-11   2.002   1.400   4153.0   47.152   -10.450    6.65    8.16   
-233.990    975.340   1.3350e-06   880.90   3.6510e-11   2.002   1.400   4153.0   47.155   -10.430    6.65    8.13   
-233.370    970.010   1.3800e-06   877.50   3.7880e-11   2.003   1.400   4150.9   47.157   -10.410    6.64    8.10   
-232.740    964.690   1.4260e-06   874.60   3.9290e-11   2.003   1.400   4150.9   47.160   -10.390    6.64    8.08   
-232.120    959.370   1.4740e-06   871.90   4.0750e-11   2.003   1.400   4150.9   47.162   -10.370    6.64    8.05   
-231.490    954.070   1.5240e-06   869.90   4.2230e-11   2.004   1.400   4148.9   47.165   -10.360    6.64    8.02   
-230.870    948.770   1.5750e-06   868.00   4.3750e-11   2.004   1.400   4148.9   47.167   -10.340    6.64    7.99   
-230.240    943.480   1.6280e-06   866.80   4.5300e-11   2.004   1.400   4148.9   47.170   -10.320    6.64    7.96   
-229.620    938.200   1.6830e-06   865.70   4.6900e-11   2.004   1.400   4148.9   47.172   -10.300    6.64    7.93   
-228.990    932.930   1.7400e-06   865.20   4.8520e-11   2.005   1.400   4146.8   47.175   -10.280    6.64    7.90   
-228.370    927.670   1.7990e-06   865.00   5.0170e-11   2.005   1.400   4146.8   47.177   -10.260    6.64    7.87   
-227.740    922.420   1.8590e-06   865.10   5.1860e-11   2.005   1.400   4146.8   47.180   -10.250    6.63    7.84   
-227.120    917.180   1.9220e-06   865.70   5.3570e-11   2.006   1.400   4144.7   47.182   -10.230    6.63    7.81   
-226.490    911.950   1.9860e-06   866.40   5.5330e-11   2.006   1.400   4144.7   47.185   -10.210    6.63    7.78   
-225.870    906.720   2.0520e-06   867.40   5.7120e-11   2.006   1.400   4144.7   47.187   -10.190    6.63    7.75   
-225.240    901.510   2.1210e-06   868.70   5.8950e-11   2.007   1.400   4142.7   47.190   -10.170    6.63    7.72   
-224.620    896.300   2.1910e-06   870.20   6.0810e-11   2.007   1.400   4142.7   47.192   -10.150    6.63    7.70   
-223.990    891.110   2.2640e-06   871.60   6.2740e-11   2.007   1.400   4142.7   47.195   -10.130    6.63    7.67   
-223.370    885.920   2.3390e-06   873.30   6.4690e-11   2.008   1.400   4140.6   47.197   -10.120    6.63    7.64   
-222.740    880.740   2.4160e-06   874.90   6.6710e-11   2.008   1.400   4140.6   47.200   -10.100    6.63    7.61   
-222.120    875.570   2.4950e-06   876.70   6.8770e-11   2.008   1.400   4140.6   47.202   -10.080    6.63    7.58   
-221.490    870.410   2.5770e-06   878.40   7.0890e-11   2.008   1.400   4140.6   47.205   -10.060    6.62    7.55   
-220.870    865.260   2.6610e-06   879.90   7.3080e-11   2.009   1.400   4138.5   47.207   -10.040    6.62    7.52   
-220.240    860.120   2.7470e-06   881.40   7.5340e-11   2.009   1.400   4138.5   47.210   -10.020    6.62    7.49   
-219.620    854.990   2.8360e-06   882.70   7.7670e-11   2.009   1.400   4138.5   47.212   -10.000    6.62    7.46   
-218.990    849.870   2.9270e-06   883.80   8.0090e-11   2.010   1.400   4136.5   47.215    -9.990    6.62    7.43   
-218.370    844.750   3.0220e-06   884.70   8.2600e-11   2.010   1.400   4136.5   47.217    -9.970    6.62    7.40   
-217.740    839.650   3.1190e-06   885.30   8.5210e-11   2.010   1.400   4136.5   47.219    -9.950    6.62    7.37   
-217.120    834.550   3.2190e-06   885.50   8.7920e-11   2.010   1.400   4136.5   47.222    -9.930    6.62    7.34   
-216.490    829.470   3.3220e-06   885.50   9.0760e-11   2.011   1.400   4134.4   47.224    -9.910    6.62    7.31   
-215.870    824.390   3.4280e-06   885.00   9.3720e-11   2.011   1.400   4134.4   47.227    -9.890    6.61    7.29   
-215.240    819.320   3.5370e-06   884.30   9.6810e-11   2.011   1.400   4134.4   47.229    -9.870    6.61    7.26   
-214.620    814.260   3.6500e-06   883.10   1.0000e-10   2.012   1.400   4132.4   47.231    -9.860    6.61    7.23   
-213.990    809.210   3.7670e-06   881.40   1.0350e-10   2.012   1.400   4132.4   47.234    -9.840    6.61    7.20   
-213.370    804.170   3.8870e-06   879.20   1.0700e-10   2.012   1.400   4132.4   47.236    -9.820    6.61    7.17   
-212.740    799.140   4.0110e-06   876.70   1.1080e-10   2.012   1.400   4132.4   47.239    -9.800    6.61    7.14   
-212.120    794.120   4.1400e-06   873.80   1.1470e-10   2.013   1.400   4130.3   47.241    -9.780    6.61    7.11   
-211.490    789.100   4.2730e-06   870.10   1.1900e-10   2.013   1.401   4130.3   47.243    -9.760    6.61    7.08   
-210.870    784.100   4.4100e-06   866.00   1.2340e-10   2.014   1.401   4128.3   47.246    -9.740    6.61    7.05   
-210.240    779.100   4.5530e-06   861.40   1.2810e-10   2.014   1.401   4128.3   47.248    -9.730    6.61    7.02   
-209.620    774.120   4.7010e-06   856.40   1.3300e-10   2.014   1.401   4128.3   47.251    -9.710    6.60    6.99   
-208.990    769.140   4.8540e-06   851.00   1.3830e-10   2.015   1.401   4126.2   47.253    -9.690    6.60    6.96   
-208.370    764.170   5.0130e-06   845.20   1.4380e-10   2.015   1.401   4126.2   47.255    -9.670    6.60    6.93   
-207.740    759.220   5.1780e-06   839.00   1.4970e-10   2.015   1.401   4126.2   47.258    -9.650    6.60    6.90   
-207.120    754.270   5.3500e-06   832.50   1.5590e-10   2.016   1.401   4124.2   47.260    -9.630    6.60    6.87   
-206.490    749.330   5.5290e-06   825.70   1.6240e-10   2.016   1.401   4124.2   47.262    -9.610    6.60    6.85   
-205.870    744.400   5.7150e-06   818.60   1.6940e-10   2.017   1.401   4122.1   47.265    -9.600    6.60    6.82   
-205.240    739.480   5.9080e-06   811.20   1.7670e-10   2.017   1.401   4122.1   47.267    -9.580    6.60    6.79   
-204.620    734.570   6.1100e-06   803.60   1.8450e-10   2.017   1.401   4122.1   47.270    -9.560    6.60    6.76   
-203.990    729.660   6.3200e-06   794.20   1.9320e-10   2.018   1.401   4120.1   47.272    -9.540    6.59    6.73   
-203.370    724.770   6.5400e-06   785.00   2.0230e-10   2.018   1.401   4120.1   47.274    -9.520    6.59    6.70   
-202.740    719.880   6.7700e-06   775.90   2.1190e-10   2.018   1.401   4120.1   47.277    -9.500    6.59    6.67   
-202.120    715.010   7.0110e-06   766.90   2.2210e-10   2.019   1.401   4118.0   47.279    -9.480    6.59    6.64   
-201.490    710.140   7.2630e-06   758.10   2.3270e-10   2.019   1.401   4118.0   47.281    -9.460    6.59    6.61   
-200.870    705.290   7.5260e-06   749.70   2.4390e-10   2.019   1.401   4118.0   47.284    -9.450    6.59    6.58   
-200.240    700.440   7.8020e-06   741.70   2.5570e-10   2.020   1.401   4116.0   47.286    -9.430    6.59    6.55   
-199.620    695.600   8.0900e-06   734.10   2.6790e-10   2.020   1.401   4116.0   47.288    -9.410    6.59    6.52   
-198.990    690.770   8.3920e-06   727.10   2.8070e-10   2.021   1.401   4114.0   47.290    -9.390    6.59    6.49   
-198.370    685.950   8.7070e-06   720.40   2.9400e-10   2.022   1.401   4111.9   47.293    -9.370    6.59    6.46   
-197.740    681.140   9.0370e-06   714.00   3.0790e-10   2.023   1.401   4109.9   47.295    -9.350    6.58    6.43   
-197.120    676.340   9.3810e-06   708.50   3.2230e-10   2.023   1.401   4109.9   47.297    -9.330    6.58    6.40   
-196.490    671.550   9.7410e-06   703.30   3.3730e-10   2.024   1.401   4107.9   47.300    -9.320    6.58    6.37   
-195.870    666.770   1.0120e-05   698.60   3.5280e-10   2.025   1.401   4105.8   47.302    -9.300    6.58    6.35   
-195.240    661.990   1.0510e-05   694.30   3.6890e-10   2.025   1.401   4105.8   47.304    -9.280    6.58    6.32   
-194.620    657.230   1.0920e-05   690.50   3.8550e-10   2.026   1.401   4103.8   47.306    -9.260    6.58    6.29   
-193.990    652.470   1.1350e-05   687.10   4.0270e-10   2.027   1.401   4101.8   47.309    -9.240    6.58    6.26   
-193.370    647.730   1.1790e-05   684.20   4.2040e-10   2.027   1.402   4101.8   47.311    -9.220    6.58    6.23   
-192.740    642.990   1.2260e-05   681.60   4.3870e-10   2.028   1.402   4099.8   47.313    -9.200    6.58    6.20   
-192.120    638.260   1.2740e-05   679.50   4.5760e-10   2.029   1.402   4097.8   47.315    -9.190    6.57    6.17   
-191.490    633.540   1.3240e-05   677.70   4.7710e-10   2.029   1.402   4097.8   47.318    -9.170    6.57    6.14   
-190.870    628.840   1.3760e-05   676.30   4.9710e-10   2.030   1.402   4095.7   47.320    -9.150    6.57    6.11   
-190.240    624.140   1.4310e-05   675.20   5.1780e-10   2.031   1.402   4093.7   47.322    -9.130    6.57    6.08   
-189.620    619.450   1.4870e-05   674.40   5.3900e-10   2.031   1.402   4093.7   47.325    -9.110    6.57    6.05   
-188.990    614.770   1.5460e-05   671.60   5.6290e-10   2.032   1.402   4091.7   47.327    -9.090    6.57    6.02   
-188.370    610.090   1.6080e-05   669.30   5.8740e-10   2.033   1.402   4089.7   47.329    -9.070    6.57    5.99   
-187.740    605.430   1.6710e-05   669.60   6.1070e-10   2.033   1.402   4089.7   47.331    -9.060    6.57    5.96   
-187.120    600.780   1.7370e-05   669.80   6.3490e-10   2.034   1.402   4087.7   47.333    -9.040    6.57    5.93   
-186.490    596.140   1.8060e-05   670.20   6.5990e-10   2.035   1.402   4085.7   47.336    -9.020    6.56    5.90   
-185.870    591.500   1.8770e-05   670.50   6.8600e-10   2.036   1.402   4083.7   47.338    -9.000    6.56    5.87   
-185.240    586.880   1.9510e-05   670.60   7.1320e-10   2.037   1.402   4081.7   47.340    -8.980    6.56    5.84   
-184.620    582.260   2.0280e-05   670.50   7.4180e-10   2.038   1.402   4079.7   47.342    -8.960    6.56    5.81   
-183.990    577.650   2.1080e-05   670.10   7.7170e-10   2.039   1.402   4077.7   47.345    -8.940    6.56    5.79   
-183.370    573.060   2.1900e-05   669.30   8.0350e-10   2.040   1.402   4075.7   47.347    -8.920    6.56    5.76   
-182.740    568.470   2.2760e-05   667.90   8.3710e-10   2.041   1.403   4073.7   47.349    -8.910    6.56    5.73   
-182.120    563.890   2.3660e-05   666.00   8.7300e-10   2.043   1.403   4069.7   47.351    -8.890    6.56    5.70   
-181.490    559.320   2.4590e-05   663.60   9.1120e-10   2.044   1.403   4067.7   47.353    -8.870    6.56    5.67   
-180.870    554.760   2.5560e-05   660.30   9.5240e-10   2.045   1.403   4065.7   47.355    -8.850    6.56    5.64   
-180.240    550.210   2.6580e-05   656.20   9.9680e-10   2.046   1.403   4063.7   47.358    -8.830    6.55    5.61   
-179.620    545.670   2.7640e-05   651.30   1.0450e-09   2.047   1.404   4061.7   47.360    -8.810    6.55    5.58   
-178.990    541.140   2.8750e-05   645.00   1.0990e-09   2.049   1.404   4057.8   47.362    -8.790    6.55    5.55   
-178.370    536.610   2.9920e-05   635.00   1.1620e-09   2.051   1.404   4053.8   47.364    -8.780    6.55    5.52   
-177.740    532.100   3.1150e-05   625.80   1.2290e-09   2.052   1.404   4051.8   47.366    -8.760    6.55    5.49   
-177.120    527.590   3.2450e-05   615.50   1.3030e-09   2.054   1.404   4047.9   47.368    -8.740    6.55    5.46   
-176.490    523.100   3.3840e-05   603.50   1.3870e-09   2.056   1.404   4043.9   47.370    -8.720    6.55    5.43   
-175.870    518.610   3.5310e-05   590.30   1.4810e-09   2.057   1.404   4042.0   47.373    -8.700    6.55    5.40   
-175.240    514.140   3.6880e-05   577.30   1.5830e-09   2.059   1.404   4038.0   47.375    -8.680    6.55    5.37   
-174.620    509.670   3.8550e-05   565.80   1.6900e-09   2.061   1.405   4034.1   47.377    -8.660    6.54    5.34   
-173.990    505.210   4.0330e-05   555.90   1.8010e-09   2.062   1.405   4032.2   47.379    -8.640    6.54    5.31   
-173.370    500.760   4.2230e-05   547.30   1.9160e-09   2.064   1.405   4028.3   47.381    -8.630    6.54    5.28   
-172.740    496.330   4.4240e-05   540.60   2.0350e-09   2.067   1.405   4022.4   47.383    -8.610    6.54    5.25   
-172.120    491.900   4.6360e-05   536.80   2.1500e-09   2.069   1.405   4018.5   47.385    -8.590    6.54    5.22   
-171.490    487.480   4.8600e-05   533.60   2.2710e-09   2.072   1.406   4012.7   47.388    -8.570    6.54    5.19   
-170.870    483.070   5.0950e-05   534.40   2.3800e-09   2.075   1.406   4006.9   47.390    -8.550    6.54    5.16   
-170.240    478.660   5.3410e-05   536.40   2.4880e-09   2.077   1.406   4003.1   47.392    -8.530    6.54    5.13   
-169.620    474.270   5.5970e-05   538.40   2.6020e-09   2.080   1.407   3997.3   47.394    -8.510    6.54    5.11   
-168.990    469.890   5.8640e-05   539.40   2.7250e-09   2.083   1.407   3991.5   47.396    -8.500    6.54    5.08   
-168.370    465.520   6.1440e-05   538.60   2.8620e-09   2.085   1.407   3987.7   47.398    -8.480    6.53    5.05   
-167.740    461.150   6.4380e-05   536.40   3.0160e-09   2.088   1.408   3982.0   47.400    -8.460    6.53    5.02   
-167.120    456.800   6.7480e-05   533.10   3.1840e-09   2.091   1.409   3976.3   47.402    -8.440    6.53    4.99   
-166.490    452.450   7.0750e-05   527.70   3.3770e-09   2.093   1.409   3972.5   47.404    -8.420    6.53    4.96   
-165.870    448.110   7.4220e-05   518.50   3.6130e-09   2.098   1.410   3963.0   47.406    -8.400    6.53    4.93   
-165.240    443.790   7.7940e-05   504.30   3.9100e-09   2.103   1.410   3953.6   47.408    -8.380    6.53    4.90   
-164.620    439.470   8.2020e-05   480.00   4.3330e-09   2.108   1.411   3944.2   47.410    -8.360    6.53    4.87   
-163.990    435.160   8.6560e-05   452.80   4.8590e-09   2.112   1.412   3936.7   47.412    -8.350    6.53    4.84   
-163.370    430.860   9.1650e-05   427.70   5.4580e-09   2.117   1.412   3927.4   47.415    -8.330    6.53    4.81   
-162.740    426.570   9.7320e-05   410.20   6.0570e-09   2.122   1.413   3918.2   47.417    -8.310    6.52    4.78   
-162.120    422.290   1.0360e-04   398.00   6.6590e-09   2.127   1.413   3909.0   47.418    -8.290    6.52    4.75   
-161.490    418.020   1.1040e-04   389.00   7.2790e-09   2.132   1.413   3899.8   47.421    -8.270    6.52    4.72   
-160.870    413.760   1.1780e-04   382.40   7.9220e-09   2.136   1.413   3892.5   47.423    -8.250    6.52    4.69   
-160.240    409.510   1.2590e-04   378.80   8.5620e-09   2.141   1.413   3883.4   47.424    -8.230    6.52    4.66   
-159.620    405.270   1.3450e-04   376.20   9.2340e-09   2.146   1.413   3874.3   47.426    -8.220    6.52    4.63   
-158.990    401.040   1.4390e-04   371.90   1.0010e-08   2.151   1.414   3865.3   47.429    -8.200    6.52    4.60   
-158.370    396.810   1.5410e-04   361.90   1.1050e-08   2.157   1.416   3854.6   47.431    -8.180    6.52    4.57   
-157.740    392.600   1.6550e-04   344.20   1.2520e-08   2.165   1.418   3840.3   47.432    -8.160    6.52    4.54   
-157.120    388.390   1.7840e-04   324.00   1.4390e-08   2.172   1.421   3828.0   47.434    -8.140    6.51    4.51   
-156.490    384.200   1.9340e-04   302.90   1.6750e-08   2.179   1.425   3815.7   47.436    -8.120    6.51    4.48   
-155.870    380.010   2.1070e-04   289.30   1.9160e-08   2.187   1.429   3801.7   47.438    -8.100    6.51    4.45   
-155.240    375.840   2.3040e-04   276.50   2.2000e-08   2.194   1.433   3789.6   47.440    -8.080    6.51    4.42   
-154.620    371.670   2.5290e-04   268.10   2.4990e-08   2.202   1.436   3775.8   47.442    -8.070    6.51    4.39   
-153.990    367.510   2.7840e-04   258.20   2.8670e-08   2.210   1.439   3762.1   47.444    -8.050    6.51    4.36   
-153.370    363.360   3.0840e-04   241.10   3.4120e-08   2.217   1.442   3750.3   47.446    -8.030    6.51    4.33   
-152.740    359.220   3.4370e-04   230.50   3.9920e-08   2.225   1.446   3736.8   47.448    -8.010    6.51    4.30   
-152.120    355.090   3.8340e-04   230.60   4.4680e-08   2.233   1.449   3723.4   47.449    -7.990    6.51    4.27   
-151.490    350.970   4.3120e-04   208.60   5.5740e-08   2.241   1.452   3710.1   47.451    -7.970    6.51    4.25   
-150.870    346.860   4.8790e-04   204.50   6.4530e-08   2.247   1.456   3700.2   47.453    -7.950    6.50    4.22   
-150.240    342.760   5.5370e-04   200.20   7.4980e-08   2.253   1.459   3690.3   47.454    -7.940    6.50    4.19   
-149.620    338.670   6.2960e-04   197.50   8.6620e-08   2.258   1.462   3682.2   47.456    -7.920    6.50    4.16   
-148.990    334.590   7.1790e-04   193.10   1.0130e-07   2.264   1.464   3672.4   47.458    -7.900    6.50    4.13   
-148.370    330.520   8.2000e-04   192.40   1.1640e-07   2.270   1.467   3662.7   47.459    -7.880    6.50    4.10   
-147.740    326.450   9.3550e-04   195.30   1.3110e-07   2.275   1.469   3654.7   47.460    -7.860    6.50    4.07   
-147.120    322.400   1.0660e-03   196.50   1.4870e-07   2.279   1.471   3648.2   47.462    -7.840    6.50    4.04   
-146.490    318.350   1.2150e-03   194.30   1.7170e-07   2.282   1.473   3643.4   47.463    -7.820    6.50    4.01   
-145.870    314.320   1.3830e-03   200.10   1.9010e-07   2.285   1.475   3638.7   47.464    -7.800    6.50    3.98   
-145.240    310.290   1.5690e-03   204.30   2.1150e-07   2.289   1.478   3632.3   47.465    -7.790    6.49    3.95   
-144.620    306.280   1.7750e-03   207.20   2.3630e-07   2.292   1.480   3627.5   47.466    -7.770    6.49    3.92   
-143.990    302.270   2.0110e-03   197.10   2.8160e-07   2.295   1.482   3622.8   47.467    -7.750    6.49    3.89   
-143.370    298.270   2.3170e-03   169.40   3.7810e-07   2.297   1.484   3619.7   47.468    -7.730    6.49    3.86   
-142.740    294.290   2.6850e-03   171.90   4.3190e-07   2.298   1.485   3618.1   47.469    -7.710    6.49    3.83   
-142.120    290.310   3.1300e-03   160.10   5.4090e-07   2.299   1.486   3616.5   47.469    -7.690    6.49    3.80   
-141.490    286.340   3.6840e-03   152.70   6.6790e-07   2.301   1.487   3613.4   47.469    -7.670    6.49    3.77   
-140.870    282.380   4.3430e-03   154.20   7.8030e-07   2.302   1.488   3611.8   47.469    -7.650    6.49    3.74   
-140.240    278.430   5.1220e-03   153.40   9.2510e-07   2.303   1.488   3610.2   47.468    -7.640    6.49    3.71   
-139.620    274.500   6.0100e-03   160.30   1.0400e-06   2.305   1.488   3607.1   47.467    -7.620    6.49    3.68   
-138.990    270.570   7.0220e-03   160.80   1.2110e-06   2.305   1.489   3607.1   47.466    -7.600    6.48    3.65   
-138.370    266.650   8.2470e-03   152.50   1.5010e-06   2.306   1.489   3605.5   47.464    -7.580    6.48    3.62   
-137.740    262.740   9.7390e-03   149.70   1.8050e-06   2.306   1.489   3605.5   47.461    -7.560    6.48    3.59   
-137.120    258.840   1.1500e-02   151.70   2.1030e-06   2.307   1.489   3604.0   47.457    -7.540    6.48    3.56   
-136.490    254.950   1.3530e-02   155.00   2.4240e-06   2.307   1.489   3604.0   47.452    -7.520    6.48    3.53   
-135.870    251.070   1.5830e-02   160.80   2.7330e-06   2.308   1.489   3602.4   47.447    -7.500    6.48    3.50   
-135.240    247.200   1.8460e-02   161.00   3.1840e-06   2.308   1.489   3602.4   47.440    -7.490    6.48    3.47   
-134.620    243.340   2.1580e-02   156.80   3.8210e-06   2.308   1.489   3602.4   47.432    -7.470    6.48    3.44   
-133.990    239.490   2.5280e-02   155.60   4.5100e-06   2.308   1.489   3602.4   47.422    -7.450    6.48    3.41   
-133.370    235.650   2.9580e-02   156.80   5.2390e-06   2.308   1.489   3602.4   47.411    -7.430    6.47    3.38   
-132.740    231.820   3.4650e-02   155.20   6.2000e-06   2.308   1.489   3602.4   47.396    -7.410    6.47    3.35   
-132.120    228.000   4.0500e-02   158.60   7.0920e-06   2.308   1.490   3602.4   47.380    -7.390    6.47    3.32   
-131.490    224.190   4.7160e-02   160.70   8.1530e-06   2.308   1.490   3602.4   47.361    -7.370    6.47    3.29   
-130.870    220.400   5.5040e-02   156.60   9.7660e-06   2.309   1.490   3600.8   47.338    -7.360    6.47    3.26   
-130.240    216.610   6.4130e-02   160.10   1.1130e-05   2.309   1.490   3600.8   47.312    -7.340    6.47    3.23   
-129.620    212.840   7.4720e-02   157.90   1.3150e-05   2.309   1.490   3600.8   47.280    -7.320    6.47    3.20   
-128.990    209.080   8.6980e-02   159.50   1.5150e-05   2.309   1.490   3600.8   47.244    -7.300    6.47    3.17   
-128.370    205.330   1.0120e-01   158.60   1.7720e-05   2.309   1.490   3600.8   47.202    -7.280    6.47    3.14   
-127.740    201.600   1.1780e-01   157.50   2.0780e-05   2.309   1.490   3600.8   47.152    -7.260    6.46    3.12   
-127.120    197.880   1.3700e-01   158.70   2.3980e-05   2.309   1.490   3600.8   47.094    -7.240    6.46    3.09   
-126.490    194.170   1.5930e-01   158.50   2.7910e-05   2.309   1.490   3600.8   47.027    -7.230    6.46    3.06   
-125.870    190.480   1.8460e-01   161.50   3.1750e-05   2.309   1.490   3600.8   46.950    -7.210    6.46    3.03   
-125.240    186.800   2.1420e-01   157.50   3.7780e-05   2.309   1.490   3600.8   46.861    -7.190    6.46    3.00   
-124.620    183.150   2.4840e-01   159.00   4.3420e-05   2.309   1.490   3600.8   46.757    -7.000    6.46    2.97   
-123.990    179.510   2.8810e-01   157.40   5.0870e-05   2.309   1.490   3600.8   46.636    -7.150    6.46    2.94   
-123.370    175.880   3.3400e-01   158.60   5.8520e-05   2.309   1.490   3600.8   46.496    -7.140    6.46    2.91   
-122.740    172.280   3.8580e-01   162.30   6.6060e-05   2.309   1.490   3600.8   46.337    -7.120    6.46    2.88   
-122.120    168.700   4.4420e-01   165.10   7.4730e-05   2.309   1.490   3600.8   46.159    -7.100    6.46    2.85   
-121.490    165.150   5.0900e-01   169.70   8.3350e-05   2.309   1.490   3600.8   45.961    -7.080    6.45    2.82   
-120.870    161.620   5.8230e-01   168.30   9.6150e-05   2.309   1.490   3600.8   45.737    -7.070    6.45    2.79   
-120.240    158.110   6.6560e-01   168.80   1.0960e-04   2.309   1.490   3600.8   45.484    -7.050    6.45    2.76   
-119.620    154.630   7.5990e-01   168.70   1.2520e-04   2.309   1.490   3600.8   45.197    -7.030    6.45    2.73   
-118.990    151.190   8.6670e-01   168.00   1.4330e-04   2.309   1.490   3600.8   44.874    -7.020    6.45    2.71   
-118.370    147.780   9.8880e-01   165.40   1.6610e-04   2.309   1.491   3600.8   44.505    -7.000    6.45    2.68   
-117.740    144.410   1.1280e+00   164.60   1.9040e-04   2.309   1.491   3600.8   44.088    -6.980    6.45    2.65   
-117.120    141.080   1.2850e+00   162.80   2.1940e-04   2.309   1.491   3600.8   43.617    -6.970    6.45    2.62   
-116.490    137.790   1.4670e+00   157.50   2.5880e-04   2.309   1.491   3600.8   43.076    -6.950    6.45    2.59   
-115.870    134.560   1.6750e+00   157.30   2.9590e-04   2.309   1.491   3600.8   42.464    -6.940    6.45    2.57   
-115.240    131.380   1.9090e+00   156.20   3.3950e-04   2.309   1.491   3600.8   41.779    -6.920    6.44    2.54   
-114.620    128.260   2.1710e+00   155.60   3.8760e-04   2.309   1.491   3600.8   41.019    -6.910    6.44    2.51   
-113.990    125.210   2.4660e+00   153.30   4.4700e-04   2.309   1.491   3600.8   40.173    -6.900    6.44    2.48   
-113.370    122.230   2.7990e+00   150.30   5.1730e-04   2.309   1.491   3600.8   39.228    -6.890    6.44    2.46   
-112.740    119.330   3.1700e+00   149.80   5.8800e-04   2.309   1.491   3600.8   38.190    -6.880    6.44    2.43   
-112.120    116.510   3.5780e+00   150.10   6.6230e-04   2.309   1.491   3600.8   37.069    -6.870    6.44    2.41   
-111.490    113.780   4.0230e+00   150.20   7.4420e-04   2.309   1.491   3600.8   35.868    -6.860    6.44    2.38   
-110.870    111.150   4.5000e+00   152.20   8.2150e-04   2.309   1.491   3600.8   34.605    -6.850    6.44    2.36   
-110.240    108.620   5.0070e+00   153.20   9.0800e-04   2.309   1.491   3600.8   33.293    -6.850    6.44    2.34   
-109.620    106.190   5.5470e+00   152.50   1.0110e-03   2.309   1.491   3600.8   31.931    -6.850    6.44    2.31   
-108.990    103.860   6.1200e+00   153.70   1.1070e-03   2.309   1.492   3600.8   30.532    -6.840    6.44    2.29   
-108.370    101.640   6.7110e+00   156.20   1.1940e-03   2.309   1.492   3600.8   29.132    -6.840    6.44    2.27   
-107.740     99.519   7.3190e+00   158.50   1.2830e-03   2.309   1.493   3600.8   27.742    -6.850    6.43    2.25   
-107.120     97.501   7.9430e+00   159.60   1.3830e-03   2.309   1.494   3600.8   26.372    -6.850    6.43    2.23   
-106.490     95.583   8.5800e+00   160.60   1.4840e-03   2.309   1.496   3600.8   25.031    -6.860    6.43    2.21   
-105.870     93.762   9.2320e+00   160.10   1.6020e-03   2.309   1.497   3600.8   23.721    -6.870    6.43    2.19   
-105.240     92.035   9.8980e+00   159.70   1.7220e-03   2.309   1.499   3600.8   22.448    -6.880    6.43    2.18   
-104.620     90.399   1.0580e+01   158.40   1.8550e-03   2.309   1.500   3600.8   21.215    -6.890    6.43    2.16   
-103.990     88.849   1.1270e+01   157.80   1.9840e-03   2.309   1.502   3600.8   20.029    -6.910    6.43    2.14   
-103.370     87.383   1.1970e+01   156.50   2.1250e-03   2.309   1.503   3600.8   18.894    -6.930    6.43    2.13   
-102.740     85.996   1.2670e+01   154.60   2.2770e-03   2.309   1.504   3600.8   17.809    -6.960    6.43    2.11   
-102.120     84.685   1.3390e+01   153.40   2.4250e-03   2.309   1.506   3600.8   16.778    -6.980    6.43    2.10   
-101.490     83.444   1.4110e+01   151.50   2.5880e-03   2.309   1.507   3600.8   15.801    -7.010    6.43    2.08   
-100.870     82.271   1.4840e+01   148.40   2.7790e-03   2.309   1.508   3600.8   14.871    -7.050    6.43    2.07   
-100.240     81.162   1.5580e+01   147.30   2.9370e-03   2.309   1.510   3600.8   13.995    -7.080    6.43    2.06   
 -99.617     80.112   1.6320e+01   144.00   3.1480e-03   2.309   1.511   3600.8   13.167    -7.130    6.43    2.04   
 -98.992     79.118   1.7070e+01   142.10   3.3370e-03   2.309   1.512   3600.8   12.386    -7.170    6.43    2.03   
 -98.367     78.177   1.7820e+01   140.00   3.5370e-03   2.309   1.513   3600.8   11.653    -7.220    6.43    2.02   
 -97.742     77.285   1.8570e+01   139.30   3.7030e-03   2.309   1.514   3600.8   10.970    -7.280    6.43    2.01   
 -97.117     76.439   1.9320e+01   136.20   3.9420e-03   2.309   1.515   3600.8   10.330    -7.340    6.43    1.99   
 -96.492     75.635   2.0080e+01   133.30   4.1850e-03   2.309   1.516   3600.8    9.725    -7.400    6.43    1.98   
 -95.867     74.871   2.0840e+01   132.20   4.3800e-03   2.309   1.517   3600.8    9.158    -7.470    6.43    1.97   
 -95.242     74.145   2.1580e+01   133.30   4.4980e-03   2.309   1.518   3600.8    8.635    -7.550    6.43    1.96   
 -94.617     73.452   2.2320e+01   132.50   4.6810e-03   2.309   1.519   3600.8    8.152    -7.630    6.43    1.95   
 -93.992     72.791   2.3050e+01   132.90   4.8200e-03   2.309   1.519   3600.8    7.705    -7.720    6.43    1.94   
 -93.367     72.158   2.3770e+01   132.20   4.9960e-03   2.309   1.520   3600.8    7.290    -7.810    6.43    1.93   
 -92.742     71.551   2.4490e+01   133.10   5.1100e-03   2.309   1.521   3600.8    6.906    -7.910    6.43    1.92   
 -92.117     70.968   2.5180e+01   134.50   5.2030e-03   2.309   1.522   3600.8    6.554    -8.020    6.43    1.91   
 -91.492     70.407   2.5870e+01   133.80   5.3740e-03   2.309   1.522   3600.8    6.227    -8.130    6.43    1.90   
 -90.867     69.866   2.6550e+01   134.80   5.4750e-03   2.309   1.523   3600.8    5.923    -8.250    6.43    1.89   
 -90.242     69.344   2.7230e+01   134.00   5.6440e-03   2.309   1.523   3600.8    5.640    -8.380    6.43    1.88   
 -89.617     68.838   2.7910e+01   131.70   5.8890e-03   2.309   1.524   3600.8    5.373    -8.510    6.43    1.87   
 -88.992     68.349   2.8580e+01   131.50   6.0410e-03   2.309   1.524   3600.8    5.122    -8.650    6.43    1.87   
 -88.367     67.874   2.9260e+01   130.10   6.2510e-03   2.309   1.525   3600.8    4.886    -8.800    6.43    1.86   
 -87.742     67.413   2.9940e+01   128.80   6.4570e-03   2.309   1.526   3600.8    4.664    -8.960    6.43    1.85   
 -87.117     66.965   3.0620e+01   128.60   6.6160e-03   2.309   1.526   3600.8    4.454    -9.130    6.43    1.84   
 -86.492     66.530   3.1300e+01   126.40   6.8790e-03   2.309   1.527   3600.8    4.257    -9.300    6.43    1.83   
 -85.867     66.105   3.1990e+01   125.70   7.0690e-03   2.309   1.527   3600.8    4.069    -9.480    6.42    1.82   
 -85.242     65.691   3.2680e+01   125.90   7.2150e-03   2.309   1.528   3600.8    3.893    -9.680    6.42    1.81   
 -84.617     65.286   3.3360e+01   126.60   7.3200e-03   2.309   1.528   3600.8    3.728    -9.880    6.42    1.81   
 -83.992     64.891   3.4040e+01   126.00   7.5090e-03   2.309   1.528   3600.8    3.573   -10.090    6.42    1.80   
 -83.367     64.504   3.4720e+01   126.40   7.6340e-03   2.309   1.529   3600.8    3.426   -10.310    6.42    1.79   
 -82.742     64.124   3.5400e+01   126.60   7.7720e-03   2.309   1.529   3600.8    3.289   -10.540    6.42    1.78   
 -82.117     63.751   3.6080e+01   127.50   7.8600e-03   2.309   1.530   3600.8    3.159   -10.780    6.42    1.77   
 -81.492     63.385   3.6750e+01   129.00   7.9140e-03   2.309   1.530   3600.8    3.036   -11.030    6.42    1.77   
 -80.867     63.025   3.7420e+01   127.90   8.1310e-03   2.309   1.531   3600.8    2.920   -11.290    6.42    1.76   
 -80.242     62.671   3.8100e+01   127.80   8.2860e-03   2.309   1.531   3600.8    2.808   -11.560    6.42    1.75   
 -79.617     62.321   3.8780e+01   126.20   8.5380e-03   2.309   1.531   3600.8    2.703   -11.840    6.42    1.74   
 -78.992     61.977   3.9470e+01   126.30   8.6860e-03   2.309   1.532   3600.8    2.602   -12.130    6.42    1.74   
 -78.367     61.637   4.0160e+01   125.10   8.9230e-03   2.309   1.532   3600.8    2.505   -12.440    6.42    1.73   
 -77.742     61.302   4.0870e+01   124.90   9.0890e-03   2.309   1.532   3600.8    2.413   -12.760    6.42    1.72   
 -77.117     60.971   4.1570e+01   124.30   9.2950e-03   2.309   1.533   3600.8    2.324   -13.090    6.42    1.71   
 -76.492     60.644   4.2290e+01   123.80   9.4900e-03   2.309   1.533   3600.8    2.240   -13.430    6.42    1.71   
 -75.867     60.321   4.3010e+01   122.60   9.7440e-03   2.309   1.534   3600.8    2.158   -13.780    6.42    1.70   
 -75.242     60.001   4.3740e+01   122.60   9.9150e-03   2.309   1.534   3600.8    2.080   -14.150    6.42    1.69   
 -74.617     59.685   4.4470e+01   121.80   1.0150e-02   2.309   1.534   3600.8    2.006   -14.530    6.42    1.68   
 -73.992     59.372   4.5220e+01   120.20   1.0460e-02   2.309   1.535   3600.8    1.935   -14.930    6.42    1.68   
 -73.367     59.062   4.5990e+01   119.30   1.0710e-02   2.309   1.535   3600.8    1.866   -15.340    6.42    1.67   
 -72.742     58.755   4.6760e+01   118.50   1.0970e-02   2.309   1.535   3600.8    1.800   -15.760    6.42    1.66   
 -72.117     58.450   4.7540e+01   118.50   1.1150e-02   2.309   1.536   3600.8    1.737   -16.200    6.42    1.66   
 -71.492     58.149   4.8330e+01   117.60   1.1420e-02   2.309   1.536   3600.8    1.677   -16.650    6.42    1.65   
 -70.867     57.849   4.9140e+01   115.70   1.1800e-02   2.309   1.536   3600.8    1.619   -17.120    6.42    1.64   
 -70.242     57.552   4.9960e+01   115.10   1.2060e-02   2.309   1.537   3600.8    1.564   -17.610    6.42    1.63   
 -69.617     57.258   5.0800e+01   114.70   1.2300e-02   2.309   1.537   3600.8    1.511   -18.110    6.42    1.63   
 -68.992     56.965   5.1640e+01   114.60   1.2520e-02   2.309   1.537   3600.8    1.460   -18.630    6.42    1.62   
 -68.367     56.674   5.2500e+01   113.40   1.2870e-02   2.309   1.538   3600.8    1.412   -19.170    6.42    1.61   
 -67.742     56.385   5.3380e+01   110.80   1.3390e-02   2.309   1.538   3600.8    1.366   -19.720    6.42    1.61   
 -67.117     56.098   5.4280e+01   111.10   1.3580e-02   2.309   1.538   3600.8    1.321   -20.290    6.42    1.60   
 -66.492     55.812   5.5190e+01   110.30   1.3910e-02   2.309   1.539   3600.8    1.279   -20.880    6.42    1.59   
 -65.867     55.528   5.6120e+01   111.40   1.4000e-02   2.309   1.539   3600.8    1.239   -21.480    6.42    1.59   
 -65.242     55.245   5.7050e+01   111.40   1.4230e-02   2.309   1.539   3600.8    1.202   -22.100    6.42    1.58   
 -64.617     54.962   5.7980e+01   113.50   1.4190e-02   2.309   1.540   3600.8    1.166   -22.740    6.42    1.57   
 -63.992     54.681   5.8920e+01   112.50   1.4560e-02   2.309   1.540   3600.8    1.133   -23.390    6.42    1.57   
 -63.367     54.400   5.9880e+01   110.40   1.5070e-02   2.309   1.540   3600.8    1.101   -24.060    6.42    1.56   
 -62.742     54.120   6.0880e+01   108.80   1.5550e-02   2.309   1.541   3600.8    1.070   -24.750    6.42    1.55   
 -62.117     53.840   6.1870e+01   113.90   1.5100e-02   2.309   1.541   3600.8    1.041   -25.450    6.42    1.55   
 -61.492     53.560   6.2860e+01   114.10   1.5310e-02   2.309   1.541   3600.8    1.014   -26.170    6.42    1.54   
 -60.867     53.280   6.3860e+01   113.70   1.5610e-02   2.309   1.541   3600.8    0.989   -26.900    6.42    1.53   
 -60.242     53.001   6.4880e+01   115.20   1.5650e-02   2.309   1.542   3600.8    0.965   -27.640    6.42    1.53   
 -59.617     52.720   6.5910e+01   113.90   1.6080e-02   2.309   1.542   3600.8    0.942   -28.400    6.42    1.52   
 -58.992     52.440   6.6970e+01   113.80   1.6350e-02   2.309   1.542   3600.8    0.921   -29.170    6.42    1.51   
 -58.367     52.159   6.8040e+01   114.10   1.6560e-02   2.309   1.542   3600.8    0.901   -29.950    6.42    1.51   
 -57.742     51.878   6.9140e+01   111.90   1.7170e-02   2.309   1.543   3600.8    0.881   -30.750    6.42    1.50   
 -57.117     51.596   7.0270e+01   113.80   1.7150e-02   2.309   1.543   3600.8    0.863   -31.550    6.42    1.49   
 -56.492     51.313   7.1420e+01   111.20   1.7850e-02   2.309   1.543   3600.8    0.846   -32.370    6.42    1.49   
 -55.867     51.030   7.2590e+01   113.30   1.7800e-02   2.309   1.544   3600.8    0.829   -33.190    6.42    1.48   
 -55.242     50.745   7.3770e+01   114.00   1.7980e-02   2.309   1.544   3600.8    0.814   -34.020    6.42    1.47   
 -54.617     50.460   7.4970e+01   114.50   1.8200e-02   2.309   1.544   3600.8    0.799   -34.860    6.42    1.47   
 -53.000     50.174   7.6200e+01   113.00   1.8740e-02   2.309   1.544   3600.8    0.785   -35.710    6.42    1.46   
 -53.367     49.887   7.7450e+01   114.40   1.8810e-02   2.309   1.544   3600.8    0.772   -36.560    6.42    1.45   
 -52.742     49.599   7.8720e+01   113.80   1.9220e-02   2.309   1.544   3600.8    0.759   -37.410    6.42    1.45   
 -52.117     49.310   8.0020e+01   114.30   1.9450e-02   2.309   1.545   3600.8    0.748   -38.270    6.42    1.44   
 -51.492     49.020   8.1340e+01   114.60   1.9720e-02   2.309   1.545   3600.8    0.737   -39.140    6.42    1.43   
 -50.867     48.729   8.2700e+01   112.60   2.0420e-02   2.309   1.545   3600.8    0.726   -40.000    6.42    1.43   
 -50.242     48.437   8.4100e+01   112.80   2.0720e-02   2.309   1.545   3600.8    0.716   -40.870    6.42    1.42   
 -49.617     48.143   8.5510e+01   115.40   2.0580e-02   2.309   1.546   3600.8    0.707   -41.740    6.42    1.41   
 -48.992     47.848   8.6900e+01   119.10   2.0270e-02   2.309   1.546   3600.8    0.700   -42.600    6.42    1.41   
 -48.367     47.551   8.8360e+01   112.90   2.1750e-02   2.309   1.546   3600.8    0.694   -43.460    6.42    1.40   
 -47.742     47.251   8.9890e+01   113.30   2.2040e-02   2.309   1.546   3600.8    0.688   -44.320    6.42    1.39   
 -47.117     46.949   9.1420e+01   117.00   2.1710e-02   2.309   1.546   3600.8    0.684   -45.170    6.42    1.39   
 -46.492     46.645   9.3010e+01   111.30   2.3220e-02   2.309   1.546   3600.8    0.679   -46.010    6.42    1.38   
 -45.867     46.338   9.4650e+01   115.30   2.2810e-02   2.309   1.546   3600.8    0.675   -46.850    6.42    1.37   
 -45.242     46.029   9.6310e+01   115.00   2.3280e-02   2.309   1.546   3600.8    0.671   -47.670    6.42    1.37   
 -44.617     45.718   9.8040e+01   111.00   2.4540e-02   2.309   1.547   3600.8    0.667   -48.490    6.42    1.36   
 -43.992     45.404   9.9830e+01   112.60   2.4640e-02   2.309   1.547   3600.8    0.664   -49.300    6.42    1.36   
 -43.367     45.088   1.0160e+02   113.60   2.4860e-02   2.309   1.547   3600.8    0.660   -50.100    6.42    1.35   
 -42.742     44.771   1.0350e+02   119.00   2.4160e-02   2.309   1.547   3600.8    0.657   -50.900    6.42    1.34   
 -42.117     44.451   1.0530e+02   113.90   2.5690e-02   2.309   1.547   3600.8    0.654   -51.680    6.42    1.34   
 -41.492     44.130   1.0730e+02   111.90   2.6630e-02   2.309   1.547   3600.8    0.650   -52.450    6.42    1.33   
 -40.867     43.806   1.0930e+02   112.60   2.6970e-02   2.309   1.547   3600.8    0.647   -53.210    6.42    1.32   
 -40.242     43.482   1.1130e+02   111.80   2.7670e-02   2.309   1.547   3600.8    0.643   -53.970    6.42    1.32   
 -39.617     43.156   1.1350e+02   110.50   2.8530e-02   2.309   1.547   3600.8    0.640   -54.710    6.42    1.31   
 -38.992     42.829   1.1560e+02   113.40   2.8320e-02   2.309   1.547   3600.8    0.636   -55.450    6.42    1.30   
 -38.367     42.500   1.1780e+02   114.50   2.8590e-02   2.309   1.547   3600.8    0.633   -56.170    6.42    1.30   
 -37.742     42.171   1.2000e+02   114.80   2.9040e-02   2.309   1.547   3600.8    0.630   -56.890    6.42    1.29   
 -37.117     41.840   1.2230e+02   114.60   2.9640e-02   2.309   1.547   3600.8    0.627   -57.590    6.42    1.28   
 -36.492     41.509   1.2460e+02   114.70   3.0190e-02   2.309   1.547   3600.8    0.624   -58.280    6.42    1.28   
 -35.867     41.176   1.2700e+02   111.60   3.1600e-02   2.309   1.547   3600.8    0.621   -58.970    6.42    1.27   
 -35.242     40.843   1.2940e+02   112.20   3.2060e-02   2.309   1.547   3600.8    0.618   -59.640    6.42    1.26   
 -34.617     40.509   1.3190e+02   112.00   3.2720e-02   2.309   1.547   3600.8    0.615   -60.310    6.42    1.26   
 -33.992     40.175   1.3450e+02   113.00   3.3080e-02   2.309   1.547   3600.8    0.611   -60.960    6.42    1.25   
 -33.367     39.841   1.3710e+02   113.40   3.3590e-02   2.309   1.547   3600.8    0.608   -61.600    6.42    1.25   
 -32.742     39.506   1.3970e+02   114.10   3.4010e-02   2.309   1.547   3600.8    0.605   -62.240    6.42    1.24   
 -32.117     39.172   1.4240e+02   114.60   3.4520e-02   2.309   1.546   3600.8    0.602   -62.860    6.42    1.23   
 -31.492     38.836   1.4520e+02   108.70   3.7120e-02   2.309   1.546   3600.8    0.599   -63.480    6.42    1.23   
 -30.867     38.502   1.4800e+02   116.10   3.5400e-02   2.309   1.546   3600.8    0.596   -64.080    6.42    1.22   
 -30.242     38.167   1.5080e+02   110.70   3.7870e-02   2.309   1.546   3600.8    0.592   -64.670    6.42    1.21   
 -29.617     37.832   1.5370e+02   117.00   3.6530e-02   2.309   1.546   3600.8    0.589   -65.260    6.42    1.21   
 -28.992     37.498   1.5670e+02   111.30   3.9120e-02   2.309   1.546   3600.8    0.586   -65.830    6.42    1.20   
 -28.367     37.164   1.5980e+02   108.10   4.1080e-02   2.309   1.545   3600.8    0.583   -66.400    6.42    1.19   
 -27.742     36.830   1.6300e+02   111.50   4.0620e-02   2.309   1.545   3600.8    0.579   -66.950    6.42    1.19   
 -27.117     36.498   1.6620e+02   109.50   4.2150e-02   2.309   1.545   3600.8    0.575   -67.500    6.42    1.18   
 -26.492     36.166   1.6940e+02   109.70   4.2920e-02   2.309   1.544   3600.8    0.572   -68.040    6.42    1.18   
 -25.867     35.835   1.7280e+02   109.60   4.3800e-02   2.309   1.544   3600.8    0.568   -68.560    6.42    1.17   
 -25.242     35.505   1.7620e+02   108.70   4.5060e-02   2.309   1.544   3600.8    0.564   -69.080    6.42    1.16   
 -24.617     35.176   1.7970e+02   107.10   4.6630e-02   2.309   1.544   3600.8    0.560   -69.590    6.42    1.16   
 -23.992     34.849   1.8320e+02   110.60   4.6020e-02   2.309   1.543   3600.8    0.556   -70.100    6.42    1.15   
 -23.367     34.522   1.8680e+02   107.90   4.8100e-02   2.309   1.543   3600.8    0.553   -70.590    6.42    1.14   
 -22.742     34.197   1.9040e+02   112.70   4.6940e-02   2.309   1.543   3600.8    0.549   -71.070    6.42    1.14   
 -22.117     33.873   1.9400e+02   111.90   4.8160e-02   2.309   1.542   3600.8    0.546   -71.550    6.42    1.13   
 -21.492     33.550   1.9770e+02   109.00   5.0380e-02   2.309   1.542   3600.8    0.542   -72.010    6.42    1.12   
 -20.867     33.228   2.0140e+02   111.70   5.0120e-02   2.309   1.542   3600.8    0.539   -72.470    6.42    1.12   
 -20.242     32.907   2.0520e+02   110.30   5.1700e-02   2.309   1.541   3600.8    0.535   -72.920    6.42    1.11   
 -19.617     32.588   2.0900e+02   113.50   5.1180e-02   2.309   1.541   3600.8    0.532   -73.360    6.42    1.11   
 -18.992     32.270   2.1290e+02   109.20   5.4180e-02   2.309   1.540   3600.8    0.528   -73.790    6.42    1.10   
 -18.367     31.954   2.1690e+02   113.70   5.3000e-02   2.309   1.540   3600.8    0.525   -74.220    6.42    1.09   
 -17.742     31.639   2.2080e+02   115.80   5.2980e-02   2.309   1.540   3600.8    0.522   -74.630    6.42    1.09   
 -17.117     31.325   2.2480e+02   109.30   5.7130e-02   2.309   1.539   3600.8    0.519   -75.040    6.42    1.08   
 -16.492     31.012   2.2890e+02   114.30   5.5650e-02   2.309   1.539   3600.8    0.515   -75.440    6.42    1.07   
 -15.867     30.701   2.3300e+02   112.50   5.7530e-02   2.309   1.538   3600.8    0.512   -75.830    6.42    1.07   
 -15.242     30.391   2.3720e+02   109.90   5.9990e-02   2.309   1.538   3600.8    0.508   -76.210    6.42    1.06   
 -14.617     30.084   2.4150e+02   110.40   6.0790e-02   2.309   1.538   3600.8    0.505   -76.580    6.42    1.05   
 -13.992     29.777   2.4590e+02   110.30   6.1920e-02   2.309   1.537   3600.8    0.501   -76.950    6.42    1.05   
 -13.367     29.473   2.5030e+02   109.50   6.3500e-02   2.309   1.537   3600.8    0.497   -77.310    6.42    1.04   
 -12.742     29.171   2.5470e+02   114.10   6.2060e-02   2.309   1.536   3600.8    0.494   -77.660    6.42    1.04   
 -12.117     28.870   2.5920e+02   111.80   6.4440e-02   2.309   1.536   3600.8    0.491   -78.000    6.42    1.03   
 -11.492     28.570   2.6380e+02   109.00   6.7250e-02   2.309   1.536   3600.8    0.487   -78.340    6.42    1.02   
 -10.867     28.273   2.6840e+02   112.50   6.6300e-02   2.309   1.535   3600.8    0.484   -78.670    6.42    1.02   
 -10.242     27.977   2.7290e+02   113.80   6.6660e-02   2.309   1.535   3600.8    0.480   -78.990    6.42    1.01   
  -9.617     27.683   2.7760e+02   112.70   6.8410e-02   2.309   1.534   3600.8    0.477   -79.310    6.42    1.00   
  -8.992     27.391   2.8220e+02   113.20   6.9280e-02   2.309   1.534   3600.8    0.474   -79.620    6.42    1.00   
  -8.367     27.100   2.8690e+02   116.70   6.8290e-02   2.309   1.533   3600.8    0.471   -79.920    6.42    0.99   
  -7.742     26.811   2.9150e+02   117.20   6.9120e-02   2.309   1.533   3600.8    0.469   -80.210    6.42    0.99   
  -7.117     26.523   2.9620e+02   116.30   7.0780e-02   2.309   1.533   3600.8    0.466   -80.500    6.42    0.98   
  -6.492     26.236   3.0090e+02   117.80   7.0950e-02   2.309   1.532   3600.8    0.463   -80.780    6.42    0.97   
  -5.867     25.951   3.0560e+02   120.40   7.0550e-02   2.309   1.532   3600.8    0.461   -81.050    6.42    0.97   
  -5.242     25.667   3.1030e+02   120.20   7.1750e-02   2.309   1.531   3600.8    0.458   -81.310    6.42    0.96   
  -4.617     25.385   3.1510e+02   119.70   7.3120e-02   2.309   1.531   3600.8    0.456   -81.570    6.42    0.95   
  -3.992     25.104   3.1990e+02   119.90   7.4110e-02   2.309   1.530   3600.8    0.453   -81.830    6.42    0.95   
  -3.367     24.824   3.2470e+02   120.20   7.5060e-02   2.309   1.530   3600.8    0.451   -82.070    6.42    0.94   
  -2.742     24.545   3.2960e+02   120.30   7.6120e-02   2.309   1.530   3600.8    0.448   -82.310    6.42    0.94   
  -2.117     24.268   3.3460e+02   120.60   7.7100e-02   2.309   1.529   3600.8    0.446   -82.540    6.42    0.93   
  -1.492     23.992   3.3960e+02   121.30   7.7810e-02   2.309   1.529   3600.8    0.444   -82.770    6.42    0.92   
  -0.867     23.718   3.4450e+02   121.90   7.8510e-02   2.309   1.528   3600.8    0.441   -82.990    6.42    0.92   
  -0.242     23.445   3.4950e+02   122.70   7.9190e-02   2.309   1.528   3600.8    0.439   -83.210    6.42    0.91   
